m1 = 10;
m2 = 100;
c1 = 100;
c2 = 1000;
k1 = 1e4;
k2 = 1e5;
Tend = 10;