m_c = 1.5;
m_p = 0.5;
g = 9.82;
L = 1;
d_1 = 0.01;
d_2 = 0.01;
